1.20
2.50
3.75
4.99
5.20
6.80
7.45
8.99
9.30
10.50
11.75
12.40
13.99
14.30
15.20
16.45
17.80
18.90
19.99
20.50
21.75
22.30
23.40
24.80
25.00
26.45
27.20
28.75
29.90
30.50
31.20
32.90
33.60
34.99
35.75
36.40
37.20
38.99
39.50
40.80
41.75
42.30
43.60
44.90
45.00
46.25
47.80
48.40
49.00
49.99
50.50
51.80
52.45
53.20
54.75
55.30
56.90
57.40
58.20
59.99
60.30
61.75
62.90
63.40
64.80
65.00
66.25
67.50
68.90
69.30
70.40
71.80
72.99
73.25
74.50
75.00
76.30
77.80
78.99
79.40
80.00
81.25
82.30
83.50
84.99
85.75
86.30
87.50
88.90
89.40
90.20
91.80
92.99
93.30
94.50
95.00
96.25
97.80
98.40
99.00
99.99
100.50
101.75
102.30
103.60
104.90
105.20
106.75
107.40
108.20
109.50
110.30
111.75
112.90
113.40
114.80
115.25
116.50
117.30
118.75
119.90
120.40
121.20
122.75
123.50
124.99
125.75
126.30
127.90
128.40
129.20
130.50
131.75
132.30
133.60
134.90
135.20
136.75
137.30
138.80
139.50
140.25
141.20
142.80
143.50
144.99
145.40
146.30
147.75
148.20
149.00
149.50
149.99
